canonical_path
02-detection/historian/sif_trip_limits.csv
